           1
        1024
           2
   125.78283200467051     
   121.45200249461668     
   118.14644607060954     
   114.74613764706135     
   111.83343703750015     
   108.96944474338426     
   106.07134663088772     
   103.58187572609957     
   100.75114940009276     
   98.191439025505630     
   95.787512429442017     
   93.340280482500489     
   91.164810740040807     
   89.037220858352242     
   86.919081305449268     
   84.902900502607025     
   82.875247488251134     
   81.007246004997683     
   79.094836666195704     
   77.224281583062250     
   75.503081722456358     
   73.756656972532170     
   71.952792561421916     
   70.307795370844957     
   68.687213579490489     
   67.109633571054331     
   65.517896480573469     
   64.035473186345797     
   62.580714580077050     
   61.183171169154008     
   59.803003079998966     
   58.386547737539544     
   126.25958301589506     
   122.30077413985934     
   118.61120844710285     
   115.36999529947374     
   112.31998484073351     
   109.46632754629061     
   106.47140892896938     
   103.78516678440140     
   101.15858573812082     
   98.736912337403382     
   96.272099433791197     
   93.891036934333840     
   91.691393031577093     
   89.401544222347013     
   87.176258522510238     
   85.220107972521177     
   83.180411942188954     
   81.229176272899323     
   79.276327468487665     
   77.516811342243102     
   75.778816806136632     
   73.941785980963786     
   72.253592242137316     
   70.649730359559584     
   68.963486396469492     
   67.350512243907843     
   65.791448631410560     
   64.293414779992816     
   62.815067863902549     
   61.370619075432842     
   59.963017854917823     
   58.560871415033958     
   126.04829150508841     
   122.63668945562145     
   118.72534009254153     
   115.23991566064903     
   112.19392627901196     
   109.29089470914974     
   106.39094198376432     
   103.54405068305007     
   101.01622190362960     
   98.485675147215105     
   96.082717387563832     
   93.826034299773340     
   91.534204511163068     
   89.278599598492363     
   87.207766900614843     
   85.137739272960957     
   83.015617372194512     
   81.057060155409104     
   79.204008064004682     
   77.335728602288711     
   75.565296970649086     
   73.866202108704073     
   72.185053362145908     
   70.532757412402816     
   68.946526380110356     
   67.257790251682565     
   65.661440427864079     
   64.158619100148144     
   62.756211450129037     
   61.333891400606163     
   59.933696853015654     
   58.551467501466504     
   126.49992036990086     
   122.79220178359128     
   119.48124972752773     
   116.11225825634565     
   112.93977545745196     
   109.65013450798867     
   106.81839827782997     
   104.05793460459316     
   101.47707286740069     
   98.762060432936138     
   96.428870087405528     
   93.991933748966076     
   91.689996834260569     
   89.653916138930029     
   87.389343246863916     
   85.173872223352987     
   83.240568160326177     
   81.315330088948429     
   79.423606281569022     
   77.557950897479927     
   75.811442399978660     
   74.041117859684292     
   72.331307002687026     
   70.634176954450652     
   69.127991612666719     
   67.547060361775038     
   66.031371433949204     
   64.513838570975508     
   63.075395685001027     
   61.581549209052632     
   60.171929986793771     
   58.762987708360598     
   126.93967090523046     
   123.15793516871686     
   119.95026257151690     
   116.71075245245589     
   113.58174855659038     
   110.39794280819766     
   107.34186619910233     
   104.50134845651087     
   101.80183802253958     
   99.318786126013492     
   96.858363901773728     
   94.421383695005261     
   92.098071942015991     
   89.834309153046419     
   87.766856290671015     
   85.743073455658703     
   83.716499745878920     
   81.778348366153097     
   79.784617936022940     
   77.896491757170068     
   76.100682185913328     
   74.347253381540085     
   72.643179494976451     
   71.001665130546229     
   69.396405784227639     
   67.808367973281719     
   66.266948068960602     
   64.797146169609704     
   63.255061800791488     
   61.843335213517470     
   60.383190019412716     
   58.970890473220528     
   126.47173089656610     
   122.63483546042117     
   119.30022270529386     
   115.92995629844749     
   112.95411308121096     
   110.08286711962249     
   107.03211594346966     
   104.17069792030418     
   101.47125071250892     
   98.955786945441417     
   96.394875241797564     
   93.967581937904413     
   91.662222807158486     
   89.443036430097607     
   87.312714836935712     
   85.231100551441671     
   83.256951557832366     
   81.406042596037921     
   79.483786799721486     
   77.584924299301747     
   75.842324301211036     
   74.039601251496791     
   72.290629420829902     
   70.639795813326657     
   69.087981330421442     
   67.431111259677550     
   65.840137538238594     
   64.363906679679246     
   62.947873405495372     
   61.476669803967262     
   60.023779130171036     
   58.647503037958884     
   126.15119161000405     
   122.58129385854662     
   119.21032314244847     
   115.93443895690041     
   112.64091728751789     
   109.84644474682599     
   106.73589863395119     
   104.03790073070968     
   101.41843043360365     
   98.783481343072467     
   96.241954729294605     
   93.802637814535260     
   91.571346307830964     
   89.368606556651827     
   87.254513482791310     
   85.139140654008713     
   83.084021520869385     
   81.168103999170427     
   79.293412059151848     
   77.460311506705494     
   75.609528435503393     
   73.894950235723030     
   72.249649534731148     
   70.554834581951496     
   68.932187108980330     
   67.342342517988840     
   65.815511394417996     
   64.280645104218266     
   62.856175063975712     
   61.336192726100322     
   59.897037134957692     
   58.530609347559292     
   126.46940083370183     
   122.87003980482378     
   119.27387427464919     
   115.94906009640870     
   112.57997146480542     
   109.54287845826863     
   106.62275855180476     
   104.03463366828683     
   101.29879347891762     
   98.692884958389357     
   96.164125715839305     
   93.791591631764575     
   91.478466095256380     
   89.251311431837209     
   87.305305057029614     
   85.057424623958383     
   83.055571795279320     
   81.052126221771914     
   79.138939278315419     
   77.369560648212442     
   75.500719539990399     
   73.791260935192838     
   72.161368952845123     
   70.446855526645749     
   68.835562580952242     
   67.340323467558306     
   65.722844244188579     
   64.223299071157854     
   62.734126714939727     
   61.246752467392682     
   59.850389607290950     
   58.457433221496977     
   127.20287498151707     
   123.63940891122652     
   119.78359845459306     
   116.46662066265560     
   113.23780700520476     
   110.27118304732726     
   107.33497732461423     
   104.54661406463623     
   101.70080311905362     
   99.200864198795159     
   96.819175571972664     
   94.334061298411498     
   92.017647037767006     
   89.822585676211830     
   87.488859573615684     
   85.507891809908358     
   83.398496441719217     
   81.481205079820270     
   79.563408653228464     
   77.755075628016002     
   75.983851537832578     
   74.213663953692546     
   72.542861861162521     
   70.873229104477531     
   69.224686230666634     
   67.620559834647423     
   66.057657772032769     
   64.514052724750755     
   63.008819226926960     
   61.499848302605876     
   60.113853967592782     
   58.729758770887372     
   127.17247297668185     
   123.63203748691775     
   120.12184165282875     
   116.67091113980106     
   113.50055719956566     
   110.59047499533362     
   107.29075856565174     
   104.36180044247409     
   101.78573030467601     
   99.101434799635470     
   96.694898402099994     
   94.442070603857047     
   92.122460596592973     
   89.910966993639278     
   87.732681537617466     
   85.790944102782504     
   83.640394923411023     
   81.646744023653426     
   79.727985061532394     
   77.769156784032035     
   75.931007161752490     
   74.137355349266429     
   72.452146960104770     
   70.793578630012306     
   69.233183551100637     
   67.527671360282710     
   66.016137426816115     
   64.506499006612046     
   63.008089350968575     
   61.547199436164334     
   60.170863905840910     
   58.781189547804580     
   126.79643866256545     
   123.44893864621702     
   119.81728503526706     
   116.41829109872336     
   113.11476510441562     
   110.22582610037767     
   107.26267324609617     
   104.37003557477914     
   101.73745413045165     
   99.148782590724721     
   96.505788556657947     
   94.001189438142774     
   91.729373562659347     
   89.494974973739161     
   87.351370165140651     
   85.199676009785065     
   83.305588904130161     
   81.421425811962763     
   79.437820306651332     
   77.707599659205187     
   75.894428090568709     
   74.094157764618060     
   72.326883928705314     
   70.577830656115680     
   68.964736716130631     
   67.309833229794720     
   65.790787214219435     
   64.258286945325622     
   62.709261640167256     
   61.218453377307497     
   59.761678582850962     
   58.372599636080942     
   127.06469166310995     
   123.59396252832947     
   119.87895702457907     
   116.38029225505902     
   113.22163615160238     
   109.95170898590952     
   107.13902643739340     
   104.53865430299933     
   101.74089716193191     
   99.216749260783828     
   96.656585499399228     
   94.193439508397915     
   91.835536594045251     
   89.521160405030784     
   87.442693791989797     
   85.530870437480743     
   83.304978499632398     
   81.246763866111777     
   79.242806183487943     
   77.336383639797191     
   75.559361457170141     
   73.761946161644204     
   72.068329102785782     
   70.333574595831152     
   68.674058160525533     
   67.059153690414647     
   65.448888567785531     
   63.868809107558469     
   62.365841253788226     
   60.896865302638481     
   59.380050066336693     
   57.973101401281831     
   127.97318328531033     
   124.03936576374258     
   120.52915486150923     
   116.88679466054306     
   113.24722750938633     
   110.03397675684278     
   107.04477158781827     
   104.28869461657997     
   101.51613863857069     
   98.805388065358215     
   96.281137311081892     
   93.890863470275207     
   91.519898168520825     
   89.182138721282470     
   86.946607439502344     
   84.705348721785128     
   82.772160495032978     
   80.912428967722150     
   78.941892994224872     
   76.972442235836127     
   75.084473694594962     
   73.192967986995143     
   71.557203615627913     
   69.804771825401588     
   68.106221319575639     
   66.240317548989481     
   64.659798335054163     
   63.086128496662482     
   61.465563597641292     
   59.896965765646023     
   58.425608615842407     
   57.016945588506836     
   128.36516108302138     
   124.19899928378888     
   120.14543416151928     
   116.37407140577204     
   112.77604392827996     
   109.37358409860440     
   106.40871029169527     
   103.54032636840434     
   100.55974711186117     
   97.867415866305777     
   95.318122106559954     
   92.814490217175162     
   90.260915652739428     
   87.821844598499126     
   85.455894833273973     
   83.361397087395673     
   81.314547431007114     
   79.098584217990975     
   77.006657848240167     
   74.984401871544478     
   72.981123193405708     
   71.005753423913930     
   69.119509877774334     
   67.327737544806794     
   65.629256214002183     
   63.989034063470442     
   62.345348156677936     
   60.665605502323309     
   59.006868063157214     
   57.435709873725756     
   55.960146768990093     
   54.490758327530862     
   128.69591877049572     
   124.17784662107320     
   119.34075756134740     
   114.98424418983527     
   111.13177371496370     
   107.51638295692356     
   104.23127455198738     
   101.08164923143062     
   98.045586628201363     
   95.252268740606738     
   92.601839864681466     
   89.868152438371808     
   87.264098456560674     
   84.712753352054207     
   82.216850373692793     
   80.105397193599870     
   77.849951858620202     
   75.506715207395530     
   73.379426345171353     
   71.140105154206111     
   69.171623144843323     
   67.210807548354254     
   65.304276021579369     
   63.510367670298670     
   61.604133230876343     
   59.675626273511860     
   57.949484370443450     
   56.240753825607996     
   54.516363224075313     
   52.964467209771747     
   51.352478778005022     
   49.797402428008965     
   129.15792737860980     
   123.90799253838520     
   117.90249930349971     
   112.57815175161129     
   108.16818825155723     
   104.02876648739408     
   100.31366347495299     
   96.821856068227930     
   93.202057147839170     
   90.067755409708369     
   86.997583048347394     
   84.200867715114896     
   81.532077958790666     
   78.710365708171594     
   76.108720858270473     
   73.769497399063781     
   71.377127674282761     
   69.280431140050709     
   67.302400972867161     
   64.924540942028401     
   62.686692973821422     
   60.449837164141556     
   58.411410606376180     
   56.668249516147171     
   55.380514382300071     
   53.491460448142689     
   51.819390160716864     
   50.460422558421186     
   48.772000103010214     
   47.420128014911349     
   45.779844030557456     
   44.365069090126568     
   130.00264573327533     
   122.17250372058913     
   114.39262858311230     
   108.37028188056843     
   102.47739522533097     
   97.237569374568551     
   92.849062462881932     
   88.767306292085479     
   84.964350336501766     
   81.679161037440110     
   78.744048701835183     
   75.975360749972495     
   73.254064932337570     
   70.675568712047294     
   67.909402317627212     
   65.620944742398137     
   63.555588924206347     
   61.561787502168073     
   60.011223922419092     
   58.429930461393354     
   56.527814198286393     
   54.601080175876334     
   52.734594956520056     
   51.055808360310898     
   49.522758574915798     
   48.173670062073342     
   46.475438644508507     
   45.134640307736639     
   43.915413668314798     
   42.296995130716752     
   41.181002864805002     
   39.948835117976586     
   128.50126919886819     
   116.73050502231040     
   106.51009620608855     
   98.330540746332915     
   91.803209944404927     
   85.925642900239012     
   82.471121772479179     
   79.018480424236657     
   75.318511473401188     
   72.588480322650284     
   69.681238886305621     
   67.723894079718505     
   65.189122489179908     
   63.581122310545474     
   61.800680197042354     
   59.568061154451250     
   57.930997839869924     
   56.081848331063050     
   54.403811199006789     
   53.405257795169184     
   51.513731533989230     
   50.393784045457224     
   48.592748860486815     
   47.695213338783731     
   46.022170355481030     
   44.789766815291784     
   43.675799070875158     
   42.250683756560861     
   41.120083658144061     
   39.785121196904065     
   38.715589565022782     
   37.507227776060432     
   127.83733431881136     
   109.53347039070258     
   97.506502558289526     
   89.300983803955091     
   84.329897437825949     
   78.766185342390301     
   75.063886963124475     
   72.259516471842403     
   70.440196631473725     
   66.763350956182776     
   64.446384691464800     
   62.580039805662977     
   60.583187805059893     
   59.082273031035271     
   57.558085967603631     
   55.436693311823177     
   54.240052926380883     
   52.315425485898885     
   51.288024824528293     
   50.547652007005802     
   48.638735405633703     
   47.606708662740537     
   45.944607241993197     
   44.753011287069327     
   43.558847738470050     
   42.231240498509237     
   41.486889080263637     
   39.901690602140178     
   38.701604123162852     
   37.829242858364090     
   36.267317494031367     
   35.129912945069734     
   125.21056424976767     
   101.81270935685609     
   90.372702584086966     
   82.908724200228178     
   78.271080223781979     
   74.003579407431729     
   70.959204028756062     
   68.523108992977683     
   65.972748453946906     
   63.120769164689051     
   61.133707479423919     
   59.347019417423574     
   57.479033485343436     
   55.610985284578476     
   53.986452121578537     
   52.228782278543505     
   51.759502469341804     
   49.771985585205798     
   48.696429560685722     
   47.601641340728278     
   45.940520766113337     
   44.978653107723069     
   43.161807655371817     
   42.583959975674276     
   40.974102172356808     
   40.677746973147308     
   39.137261714176404     
   37.765018794971013     
   37.101809320105673     
   35.925709258035965     
   34.546801828348819     
   33.423221665100321     
   120.96139677354135     
   94.758697443003783     
   85.154506312846280     
   78.210953720561051     
   73.538046751628272     
   69.925665316088640     
   67.274160907806632     
   64.341549657977851     
   62.123758226776289     
   59.656883060405825     
   57.660293659616322     
   56.265499684469972     
   54.525270205704771     
   52.523527484401797     
   51.523813626077612     
   49.428147227940329     
   48.843875767692438     
   47.146046219997991     
   45.731387116450982     
   45.324972090257617     
   43.907355793664820     
   42.809578638601458     
   41.167978481189813     
   40.330190326153172     
   39.048032418734962     
   38.576311292661153     
   37.287010590888436     
   35.966514937322103     
   35.766578506277867     
   34.432288310368349     
   33.197437042265946     
   32.267176768265053     
   116.18050444907973     
   90.066758330052011     
   80.913627344823368     
   74.189415102869177     
   69.657019241740841     
   66.013711970664431     
   62.544026268140392     
   59.852376238249967     
   58.487480545043496     
   56.335095126315395     
   54.429066381609786     
   52.808643330522784     
   51.313226166389434     
   49.357611127453644     
   48.365882838710235     
   46.513945818552145     
   45.670020558223250     
   44.531305933485662     
   43.243257573351315     
   42.651185657815248     
   41.168951928737648     
   39.857325453762101     
   39.070622942186112     
   38.534213970640316     
   37.358520416420781     
   36.573952954016882     
   35.612963689914679     
   34.624295426725830     
   33.997475600344764     
   32.734596673801732     
   31.664464300337535     
   30.663358085020015     
   110.77806866506668     
   85.861615226277365     
   76.712078590464074     
   70.115634653789286     
   65.107031407768233     
   61.416935832783402     
   58.468863085169943     
   56.078655687466878     
   54.242203444353585     
   52.341781844577909     
   50.404239001756636     
   49.078883909753799     
   48.079745953373099     
   46.540496351959064     
   45.685501254021190     
   43.526746082623887     
   42.763695602801469     
   41.315804532158090     
   39.993908835928423     
   39.638309781196746     
   38.089365409348353     
   37.239055047294556     
   36.621526779090111     
   35.575472292081173     
   34.418538925916636     
   34.494512576806727     
   33.368342709759752     
   32.248604313543865     
   31.393193030736104     
   30.992631487430799     
   29.556684179760534     
   28.713881495669078     
   106.55672404265002     
   83.017909603194596     
   72.951197471202207     
   66.915655313120169     
   61.894880075908524     
   57.993799299355999     
   54.814268440375109     
   52.653266393941550     
   50.998084620911690     
   48.803933055484059     
   47.249118661263481     
   45.696575412908032     
   44.485725667587836     
   43.258204080807104     
   42.294392636176369     
   40.731095150325949     
   39.641731924048287     
   38.363586935863353     
   37.606716913132651     
   36.705657612915985     
   35.594154047432056     
   34.374393203064578     
   33.763432212606062     
   33.069866305519781     
   32.166124491787954     
   31.866056077430724     
   31.485863592806162     
   30.202210645553627     
   29.060730991862144     
   28.872613293569355     
   27.539771290417860     
   26.731640835952241     
   103.68937801070054     
   80.466608433089561     
   70.271377569494192     
   63.471016503238268     
   58.801112586582690     
   54.948697275098709     
   51.758846542631822     
   49.890634274982702     
   47.537597214196460     
   46.144773349341293     
   44.235029611948576     
   42.626249719630145     
   41.259857672373514     
   40.046753525014957     
   39.508121198261783     
   37.813725814039906     
   36.843101738277127     
   35.857276116692475     
   35.107839323284814     
   33.926507820218099     
   33.134428364095818     
   32.178245071884987     
   31.288497272995215     
   30.456390240952288     
   29.587005547144607     
   29.712974814801129     
   28.612243285814621     
   27.816919918825150     
   27.020635922395492     
   26.882281244250670     
   25.776617336093004     
   24.732269918744798     
   100.71816392767069     
   78.393505858813526     
   67.459375045214585     
   60.609644933239188     
   55.801281122557576     
   52.024030406534500     
   48.851215273616688     
   47.129500515921322     
   44.912505113353596     
   42.786474526641172     
   41.499680544968939     
   39.821023491538114     
   38.464831558627345     
   37.079593115112651     
   36.824987522529163     
   35.029727668652846     
   34.268322286281830     
   33.539860846708727     
   32.351633979273998     
   31.714839757812143     
   30.635393053023542     
   29.691650364283674     
   29.197958812819095     
   28.160659463911845     
   27.169429877982946     
   27.549602670942960     
   26.533330110096777     
   25.261791871280739     
   24.720428348939386     
   24.832638600434578     
   23.284274110928148     
   22.444006098077054     
   98.735104643432038     
   75.677211250755875     
   64.271683464406919     
   57.048220264391908     
   52.074563107252175     
   48.237596701262675     
   45.603544459713582     
   43.057523944840199     
   41.419030368306615     
   39.453660229973920     
   38.052255073166634     
   36.653440172644281     
   35.054560574630848     
   33.864435829503407     
   33.684086255713304     
   31.858523415557549     
   31.573248609373593     
   30.416798524043397     
   29.284398388839293     
   28.303416330657093     
   27.626558898114386     
   26.971340469576042     
   26.629867389745360     
   25.569554579555334     
   24.921161888884306     
   24.164076966565432     
   23.613604056012427     
   22.891284985515938     
   22.160730640677407     
   21.434999142376945     
   20.918579975733689     
   18.810898156876323     
   97.406324385185812     
   72.963068133276323     
   60.367586237526353     
   52.802301982841698     
   48.203195998798407     
   44.395674551068367     
   41.581932872878944     
   39.173841962767767     
   37.342896907937309     
   35.535093463141308     
   34.213199925585329     
   32.994135556995879     
   31.858463701793369     
   30.718149657333718     
   30.535434527425611     
   29.410641918270695     
   28.561483577547978     
   27.380507587885717     
   26.186387887340196     
   25.386405790279483     
   24.929510710631838     
   24.365054889212772     
   24.026480564081918     
   22.898360096694567     
   22.444205943269765     
   21.546897523970216     
   20.813881119434502     
   20.728689068435550     
   20.248399432766572     
   19.027956112549315     
   18.952750098763090     
   17.081930787271563     
   97.769508585011408     
   70.415671062455019     
   56.873085950490420     
   49.756296705756149     
   44.000516399260050     
   40.954840503570182     
   38.862450164688440     
   35.671830950377192     
   34.763205188718636     
   32.908554959018851     
   31.680909170619479     
   29.844909903828583     
   28.693495748380151     
   28.422977997271698     
   27.524880899862325     
   26.704988765575969     
   26.276752317360838     
   25.549249382454001     
   24.259726433121255     
   23.188590282602906     
   23.173903699332669     
   21.672786846504444     
   22.189607860188172     
   21.134756989187352     
   20.093887864682014     
   19.864542576103670     
   18.610495987236142     
   18.497967302203374     
   18.952172096092042     
   17.420152634816056     
   17.103625314774103     
   15.435174731939707     
   102.11150191232569     
   71.480476604446238     
   56.290140367604458     
   48.302532893124095     
   42.887554779237760     
   40.015295595418145     
   38.102010579268274     
   34.361859789900763     
   32.991969359604362     
   30.987159703731923     
   30.385879571440615     
   28.657676569241413     
   27.256087889198987     
   26.358125227045374     
   25.813826661230546     
   24.541708618779406     
   24.442751238787686     
   23.090840496143226     
   22.503638412623904     
   21.814211009378596     
   21.107981069068796     
   19.728746719652154     
   20.160284502458126     
   18.705892623478533     
   18.693364928399287     
   18.082250217433469     
   17.349058668007480     
   17.257097390986551     
   16.736021531021994     
   16.054594930411781     
   15.227710672270266     
   14.963277625797771     
   106.71534830374739     
   73.636538259861837     
   57.486446625304922     
   48.571193150139386     
   43.036480818380980     
   40.612880721553395     
   38.424156413697290     
   34.379655982851588     
   33.237206445795813     
   30.484584879348020     
   29.236025160191708     
   28.639920090668276     
   26.992401098453122     
   26.759039591289881     
   25.508890099744011     
   23.976289541526079     
   24.214216037646452     
   22.997498144805267     
   21.287310794710923     
   20.776264210422120     
   20.138015682137333     
   19.363623963637302     
   19.473545865257925     
   18.031698725370095     
   16.830727729196585     
   16.736810606247488     
   17.452696822518906     
   16.191394378954865     
   15.376768307809940     
   14.820620825662917     
   14.195887297565619     
   14.129406063777044     
   110.08383096711991     
   74.559016099557866     
   57.619986420105448     
   49.482323737263485     
   42.919238962065322     
   40.778936885466649     
   38.114186229914182     
   34.329592429521739     
   34.195649862482590     
   30.931135268080091     
   28.623641751550124     
   29.297147764579499     
   28.090716481133306     
   27.093187127806672     
   25.203018964569637     
   22.933453798594162     
   23.830046207287385     
   22.634983992012366     
   20.857805739803418     
   20.144831264711925     
   19.872657219635325     
   19.277768673473897     
   18.595221068300305     
   17.355518978298800     
   17.156032917410364     
   15.594546846292761     
   16.143555130862378     
   16.126933810442967     
   14.954327123981468     
   14.296293260206813     
   13.082973540499525     
   13.260151157294667     
   90.931502907055332     
   86.774962415343296     
   83.141122119167164     
   79.963113337128192     
   76.961838007573306     
   73.947106029916185     
   71.117740764599517     
   68.409127577065917     
   65.591488691755515     
   63.143281726303996     
   60.738016760557649     
   58.374443657827186     
   56.168658331168238     
   54.106033604008530     
   52.045601547710518     
   50.100883786002377     
   48.274709806110266     
   46.477013419087818     
   44.778532332220934     
   43.119535115193017     
   41.538595817142834     
   40.025726383838148     
   38.567297176400061     
   37.175403975059062     
   35.840194608727757     
   34.553115468104771     
   33.324773509893170     
   32.140867747717628     
   30.985752733055065     
   29.921795650754667     
   28.878408852486647     
   27.835833954252251     
   91.455695427797394     
   87.410015411503267     
   83.533803544484002     
   80.292197198760078     
   77.098616513495770     
   74.120311695831447     
   71.170521230720183     
   68.409923033591014     
   65.744156202532935     
   63.281790884465948     
   60.852270968018196     
   58.460761711431772     
   56.305526840027852     
   54.120218001933651     
   52.048517534601991     
   50.183104598879893     
   48.317090669393664     
   46.500425704640271     
   44.843687661916945     
   43.177994374203863     
   41.583330357769441     
   40.040569085706778     
   38.609329140839300     
   37.218392399825689     
   35.852205733852486     
   34.592260445417658     
   33.356122251419066     
   32.151628318177664     
   30.985610244608594     
   29.915746058606576     
   28.855302177075430     
   27.832518661346981     
   91.593923112546037     
   88.078121719112147     
   84.234395080420001     
   80.700409434125888     
   77.421009863217677     
   74.484545701512644     
   71.516706511764539     
   68.624208768527751     
   65.983956290956570     
   63.385447388584041     
   60.950678878883352     
   58.733833149778057     
   56.429050307880871     
   54.286353525683914     
   52.269044432153194     
   50.324881222572706     
   48.373439285663679     
   46.607252202754331     
   44.877879309611870     
   43.178484081532574     
   41.627168678864606     
   40.154030779602117     
   38.732814046297939     
   37.304691241996750     
   35.997340473794623     
   34.704166330344151     
   33.436601213306403     
   32.238629254356134     
   31.119734709227739     
   30.024787239231415     
   28.955593258907321     
   27.925574535394652     
   91.825651936043499     
   88.102538941328021     
   84.631781210677289     
   81.332606910202401     
   77.928232891631154     
   74.685100611423778     
   71.600428926905821     
   68.717299536034602     
   66.062266705094927     
   63.481373630538222     
   61.063629880526484     
   58.670917822630642     
   56.481728144097900     
   54.403071446758474     
   52.333715378046776     
   50.329375886939879     
   48.452092218700486     
   46.667297614462832     
   44.968233961361008     
   43.315267827673097     
   41.730859287900238     
   40.210002779070813     
   38.736719938339178     
   37.323319445055233     
   36.041590795988967     
   34.768245527071670     
   33.512746981092306     
   32.296329472683510     
   31.149576427520511     
   30.044850482391507     
   28.980090579566593     
   27.966677162713498     
   92.268378983336717     
   88.457049909761182     
   85.087501235230818     
   81.845475460867618     
   78.581723160913427     
   75.259362743905541     
   72.083443247708516     
   69.279030305658310     
   66.531315848887616     
   63.941201621965213     
   61.391220595138122     
   59.035516505094172     
   56.833893787702678     
   54.642000702905307     
   52.565823412246090     
   50.606344573259463     
   48.709187793214213     
   46.923872315012346     
   45.197627164359155     
   43.532250470861953     
   41.959683320439225     
   40.432843796759457     
   38.940401964773578     
   37.551199442463741     
   36.187234488320186     
   34.855412979150401     
   33.603638149483324     
   32.436987009448345     
   31.266698423752100     
   30.169586375796406     
   29.097168092860105     
   28.070883169775463     
   92.407201908968631     
   88.618853916970281     
   85.234215241265247     
   81.881470831937918     
   78.669333334597880     
   75.379236975133978     
   72.328760358454232     
   69.430590533257671     
   66.542147726222083     
   63.892340572218679     
   61.490887415762884     
   59.103768387596155     
   56.781573424070785     
   54.546500943092276     
   52.498473583940545     
   50.562742168270290     
   48.714713322496181     
   46.928935322635169     
   45.189791219983107     
   43.500741158817689     
   41.929136843930472     
   40.394870897261562     
   38.914754595237831     
   37.525497181285871     
   36.177783305101393     
   34.867104841899192     
   33.615737472790507     
   32.410743331858683     
   31.265233937081494     
   30.137351615447898     
   29.076957780289753     
   28.054123953889455     
   92.330530318184103     
   88.518598591806708     
   85.112940805811903     
   81.890977183336929     
   78.575296474815971     
   75.406245205303776     
   72.384261512328919     
   69.426144989385449     
   66.578083284469272     
   63.974490577672874     
   61.422830073509154     
   58.958737029139087     
   56.674731882678287     
   54.500055719394751     
   52.471298744283359     
   50.483813149564774     
   48.605844732878467     
   46.810697165312554     
   45.076951347370034     
   43.452559213135963     
   41.832968885350169     
   40.296766303758154     
   38.827613586979730     
   37.425979920441875     
   36.069261100293659     
   34.768027413102317     
   33.530409646390943     
   32.354655633394295     
   31.225761525204920     
   30.124682687573436     
   29.053938994867856     
   28.030971879677558     
   92.426629429078901     
   88.760282961338731     
   85.368225295073174     
   81.869505037632024     
   78.618238246459370     
   75.424798220696104     
   72.444876816828128     
   69.511118784905506     
   66.704566629414728     
   64.021400088666510     
   61.431240877941889     
   59.053972198022180     
   56.745933633137732     
   54.618266228928263     
   52.521557483025077     
   50.507371288597952     
   48.656878716021140     
   46.855781576890017     
   45.100302123150392     
   43.423508508484261     
   41.792046376237678     
   40.289224546190226     
   38.849791828700049     
   37.442355093630269     
   36.126648881081444     
   34.827991106887879     
   33.567944842280902     
   32.360500205912430     
   31.198688859432238     
   30.082974857595453     
   29.013085009358985     
   27.979428187417536     
   92.736282363454592     
   88.892854879186217     
   85.456229857258847     
   82.061421796554740     
   78.745408677303317     
   75.578701479487123     
   72.537844688639936     
   69.676046752836200     
   66.879746963188310     
   64.201273511702865     
   61.686845724102810     
   59.290505560608679     
   57.008904067136456     
   54.748521140699403     
   52.662177075470176     
   50.702652741829795     
   48.762816431591808     
   46.959487401204875     
   45.175397522342358     
   43.525511438382296     
   41.977907365077712     
   40.458158653156552     
   38.983565834714781     
   37.566814503856044     
   36.168258107876952     
   34.869221030525949     
   33.608776551693239     
   32.412561840360688     
   31.253668251795997     
   30.127234686757859     
   29.066074211503441     
   28.042792641426882     
   93.156783064457343     
   89.360620412737660     
   85.826108535005943     
   82.304817710038009     
   79.000310380263414     
   75.820050483153892     
   72.774777011196164     
   69.762163598453697     
   67.076943601119879     
   64.448421875478857     
   61.923164498981279     
   59.528609199430626     
   57.202851210672598     
   55.014306952702000     
   52.959679650583567     
   50.963595161407824     
   49.012386114286642     
   47.152622706583806     
   45.395853315159798     
   43.736365873071009     
   42.165268792194851     
   40.616286340893794     
   39.121114776828257     
   37.704196220311140     
   36.316221800535509     
   34.989295143565464     
   33.761441710781007     
   32.573683810121516     
   31.405074862748599     
   30.296556451339725     
   29.216700370122943     
   28.171571216876572     
   93.497540544743174     
   89.706650225183168     
   86.105446123917460     
   82.628496777150019     
   79.215442985144136     
   76.014867402842313     
   72.885837261431419     
   69.973644373290938     
   67.165458157932960     
   64.500660620436676     
   62.024387765123308     
   59.626637677178010     
   57.349293884576433     
   55.204563893381732     
   53.102154839367174     
   51.071768050696228     
   49.218361624345405     
   47.376219446477108     
   45.614684214071509     
   43.933684053574595     
   42.309374714226990     
   40.733121028805471     
   39.225006776705840     
   37.790752118805585     
   36.434839711997576     
   35.111083103162564     
   33.833100195011653     
   32.615721415240095     
   31.424419506971041     
   30.302529723629135     
   29.208036845517636     
   28.175070397357473     
   93.499969284715405     
   89.658833678970126     
   86.063565691015029     
   82.497748919690437     
   79.092772074364461     
   75.774517998601738     
   72.587573234765117     
   69.728095777870919     
   67.002035278237415     
   64.381630629359790     
   61.927641898708572     
   59.503109188042743     
   57.237547341925669     
   54.991364366744151     
   52.929652740740067     
   51.033992295424454     
   49.085551612427615     
   47.238337518861023     
   45.448030674897275     
   43.767749526744410     
   42.181221982379512     
   40.619965657676339     
   39.122722144750036     
   37.695917393660665     
   36.328179188410054     
   35.011670379281888     
   33.751741384850789     
   32.510090929387793     
   31.350916298495953     
   30.191366503816369     
   29.094766968535559     
   28.063141647105720     
   94.177363458572898     
   90.348425334434722     
   86.589332318319123     
   82.931907648735859     
   79.397244485744864     
   75.957410401228344     
   72.817966019598344     
   69.877985580921816     
   67.076811323861975     
   64.494528428576530     
   61.993642206200470     
   59.563255486604191     
   57.318660618489460     
   55.195177995931672     
   53.097026355137828     
   51.056688680504003     
   49.146478751518622     
   47.314905013549172     
   45.547057499166129     
   43.862297053530007     
   42.222754012091805     
   40.624616180338776     
   39.158694646916800     
   37.735689427117158     
   36.358044822055398     
   35.041938702787050     
   33.779501055527334     
   32.533129886868039     
   31.343478029976634     
   30.209734990056678     
   29.128051151458692     
   28.089106630611138     
   94.366925635739051     
   90.541439579555558     
   86.551472147901592     
   82.785841292269936     
   79.078748835078429     
   75.577678653281112     
   72.563138067557986     
   69.542128536717797     
   66.756702188166216     
   64.188760645760965     
   61.583055203007476     
   59.283775668514728     
   57.049272280794938     
   54.805684850019993     
   52.677186661307019     
   50.675082760257794     
   48.789646486429064     
   46.908819319569091     
   45.114973531895153     
   43.435577645077274     
   41.805700218053062     
   40.229152327947538     
   38.760342222391614     
   37.318700223272117     
   35.904434273110660     
   34.573596412649074     
   33.287476561405335     
   32.048984382044765     
   30.892890330338762     
   29.748906051276812     
   28.661682466050681     
   27.603113853482245     
   94.725098072649757     
   90.664984696149745     
   86.456683011280120     
   82.533426909672315     
   78.740205564940936     
   75.182679692145371     
   71.935754276921699     
   69.045294866528195     
   66.201182569961389     
   63.461234549170392     
   60.948749627324396     
   58.664792226906457     
   56.293164481532166     
   54.105996352997423     
   51.931878838813638     
   49.940278819766171     
   47.968991441399908     
   46.156653430293247     
   44.398748892087610     
   42.687858512171886     
   41.046349747117780     
   39.465516851890044     
   37.942458521447200     
   36.501464845265303     
   35.138936350942025     
   33.835183200569659     
   32.566150270435159     
   31.347764995526198     
   30.158799862609136     
   29.047569492962584     
   27.958428207552029     
   26.895864577097605     
   95.413678644516153     
   91.282834534624754     
   86.580262996981432     
   82.232716431579021     
   78.332402667332047     
   74.542161078216921     
   71.255954390907462     
   68.175030829976677     
   65.213520064425211     
   62.525238130170308     
   59.926440604104400     
   57.419473998546238     
   55.134855700180182     
   52.842241013460793     
   50.797187091201693     
   48.753408330493883     
   46.867281318715683     
   44.990207822103471     
   43.204138043153314     
   41.498532787840595     
   39.892419341923016     
   38.338337932491548     
   36.866978666122648     
   35.444846070666578     
   34.109483745859507     
   32.773541369731412     
   31.534892275600711     
   30.337888003047283     
   29.165783955221933     
   28.063151762200086     
   26.991859091247541     
   25.982624559507613     
   96.060779843372302     
   91.124946522035884     
   85.971271451944318     
   81.330567720053764     
   76.936479010211983     
   72.941557048790912     
   69.430871449544753     
   66.183588845850210     
   63.303897495189247     
   60.492158609028920     
   57.887310619062461     
   55.448117317346302     
   53.053022974400250     
   50.826766335083946     
   48.765539949445937     
   46.749382846472756     
   44.853295195008158     
   43.063557155265123     
   41.330549022036308     
   39.683636651407340     
   38.144649423500724     
   36.649224599958870     
   35.209452617736041     
   33.818585657319517     
   32.499191294546300     
   31.275165359170540     
   30.071603451223762     
   28.939840958849114     
   27.799100498061705     
   26.764867376067411     
   25.775299974297248     
   24.805044966839318     
   96.491246893316543     
   90.545829582535362     
   84.669576917393698     
   79.302275266749135     
   74.637717417036384     
   70.557473201011362     
   66.962192723333757     
   63.660241837381051     
   60.545477048225891     
   57.790744238865393     
   55.187606864383866     
   52.717522500748466     
   50.488905374982856     
   48.340351590834032     
   46.236624882938173     
   44.352343706691919     
   42.542175476557347     
   40.836828993194302     
   39.215723616028050     
   37.636480832968267     
   36.145523453989590     
   34.710956246488422     
   33.382891362708236     
   32.128084825330681     
   30.899315282877311     
   29.699018850004087     
   28.535593393088938     
   27.437600251673828     
   26.389074862558747     
   25.455864858350008     
   24.497772711659117     
   23.556350695931723     
   97.224578514721202     
   89.442076451878222     
   82.377024633247743     
   76.502328146657533     
   71.635006474410133     
   67.429433985618815     
   63.730770354071964     
   60.469160795597340     
   57.532583431933446     
   54.618268671459077     
   52.051806785528257     
   49.781749588270415     
   47.555570970889704     
   45.519738932374409     
   43.596316189651802     
   41.802902534967707     
   40.015052277396840     
   38.352326968482359     
   36.804485747428899     
   35.413620026732062     
   33.992033210630566     
   32.666913994917124     
   31.400561389067139     
   30.202308636805441     
   29.056634194198249     
   27.963775095244909     
   26.868183679538419     
   25.850945947588755     
   24.866983459593449     
   23.954090441758044     
   23.036108732231277     
   22.177246125390418     
   97.905686061400004     
   87.933110570645113     
   79.955262621799562     
   73.644253121175893     
   68.529101642774876     
   64.397844646010981     
   60.720676600291711     
   57.499337085565486     
   54.546486733457684     
   51.889781542710182     
   49.476384000914706     
   47.318341110569989     
   45.096850868709978     
   43.097493834344881     
   41.287319808482991     
   39.473780203178286     
   37.837330540956756     
   36.236900362913133     
   34.856962253660228     
   33.504250104957215     
   32.178378689029621     
   30.869978291241907     
   29.722842344920522     
   28.699240767532487     
   27.550086234590115     
   26.528274555940058     
   25.549071541629914     
   24.588286625617570     
   23.654506283862673     
   22.768107796662942     
   21.911754316569759     
   21.067824701157225     
   98.006468799586457     
   85.861434372142426     
   77.235053674230130     
   70.445942589478136     
   65.150625416293437     
   60.977249274698650     
   57.297299778506392     
   54.135992348516844     
   51.212921622643229     
   48.810754044369205     
   46.539557548525750     
   44.351493849531586     
   42.363346397424358     
   40.572507534544556     
   38.861732546214952     
   37.170283805952543     
   35.757300112632365     
   34.198555444500755     
   32.858299733718823     
   31.652703274289660     
   30.421273234615175     
   29.167657631829385     
   28.080973690301917     
   26.976647729661778     
   25.935970295139320     
   24.984911383396312     
   23.992966664330797     
   23.115557569904183     
   22.255754004877733     
   21.430541584546404     
   20.634717568659006     
   19.823645164607772     
   98.571892002410380     
   84.302347276739852     
   74.898854352782791     
   67.959499802995907     
   62.656024715644087     
   58.130222340219397     
   54.262798262711961     
   51.169730199090438     
   48.469860812698194     
   46.151142380514820     
   44.063518372084587     
   42.027370090375889     
   40.064500899426754     
   38.314064053570490     
   36.631803167046421     
   35.156374673539673     
   33.696204607888362     
   32.431198402718699     
   31.092095626421525     
   29.860754359355440     
   28.675445336075605     
   27.497917541712035     
   26.532509416642657     
   25.594803190398125     
   24.599380679437203     
   23.744359336897269     
   22.833372585271391     
   22.061462833041801     
   21.230013553948204     
   20.439005071650890     
   19.711957476416266     
   18.947602037833057     
   98.283255811890882     
   82.085569101388543     
   71.995393558216023     
   64.778660193672295     
   59.113751749378295     
   54.742928815637015     
   51.210501493519459     
   48.351688848550452     
   45.654107636077185     
   43.181390284988474     
   41.119992872991865     
   39.257191016876682     
   37.463736186059094     
   35.660853244871674     
   34.260901589202277     
   32.816005691547026     
   31.495929563816862     
   30.160505229567349     
   29.043892138727546     
   27.922088964815572     
   26.745584602757535     
   25.784435835324004     
   24.870837518217950     
   23.990939538479928     
   23.114258722079423     
   22.371498478445467     
   21.502327917065973     
   20.722934944391255     
   19.897001917533913     
   19.223349208306807     
   18.466048418393818     
   17.683518690170729     
   98.489112859462352     
   80.351939086547603     
   69.575502185878932     
   62.267659492539046     
   56.477936781123361     
   52.150633731644305     
   48.611084919334672     
   45.936162753910928     
   43.370977273405749     
   41.012445600238635     
   39.080664103519396     
   37.474954217692243     
   35.531864534841247     
   33.872619291759804     
   32.482264010939794     
   31.074528213017938     
   29.650497477840119     
   28.495232734091488     
   27.381166332882874     
   26.304105406309503     
   25.259451987029120     
   24.260349575676980     
   23.359220073107686     
   22.606595089850657     
   21.701934170763810     
   20.925715398616294     
   20.305287904933326     
   19.524303741767717     
   18.725072361273572     
   18.044126387379023     
   17.329334973563302     
   16.668660777367784     
   98.212921152603172     
   78.358388331816002     
   66.897292198325673     
   59.331231489971287     
   53.816516147722950     
   49.698606688993962     
   46.176769900591303     
   43.500852824764628     
   40.779905309539735     
   38.692680249412916     
   36.643191269466584     
   35.074442410877936     
   33.367092932289637     
   31.778786153174746     
   30.664563200692310     
   29.118976687733237     
   27.905465018760811     
   26.798917455939474     
   25.735667727315395     
   24.706320190615912     
   23.622728673028565     
   22.687456713910279     
   21.808186068890699     
   20.904340111980460     
   20.239996276972320     
   19.502766094165175     
   18.894004953808604     
   18.127160521791037     
   17.466269863143186     
   16.896795532785088     
   16.171097793302192     
   15.510336628898560     
   97.461902119661872     
   76.508342775329936     
   64.257405838937331     
   56.750338078941084     
   51.215784102131430     
   47.033145837611372     
   43.546923192178483     
   40.937046828096186     
   38.308441726633689     
   36.055263686450601     
   34.370680816925827     
   32.716086022716986     
   30.910330601067940     
   29.443696680224093     
   28.230699845858148     
   27.086644247900004     
   26.066451696217609     
   25.209804636340134     
   24.001230830777871     
   23.069471318663751     
   21.896200697902241     
   21.072088514002619     
   20.235427627947072     
   19.307650631017172     
   18.554010513241963     
   17.936556843175964     
   17.233030662830270     
   16.486934316543529     
   15.913216230006622     
   15.266267333031806     
   14.533201613732015     
   13.880295915053598     
   96.419910497056790     
   73.360443505019674     
   60.639717904538287     
   52.632523870932722     
   46.971907535534385     
   42.637099945243008     
   39.522765426254210     
   36.459225418519900     
   34.353492655745917     
   32.031604435281920     
   30.276255175898370     
   29.001194150241595     
   27.143396666834398     
   25.799276999646796     
   24.918555283272184     
   23.546381383347239     
   22.609726091737819     
   21.935634745429446     
   20.664198394345146     
   19.913242061721036     
   19.051313773689760     
   18.272863414894310     
   17.472962170511597     
   16.568771153616236     
   15.874296972654070     
   15.260330861638106     
   14.811291707470623     
   14.142942088689471     
   13.492161004373425     
   12.852338949088304     
   12.298104586896820     
   11.343492168209456     
   95.461719460095651     
   69.751138374974019     
   55.883392050484161     
   47.863858721892200     
   42.504115625486428     
   38.275377865732153     
   35.384762974417114     
   32.523352611138314     
   30.540899307828958     
   28.733146757033278     
   26.954096469115989     
   25.546382282796571     
   24.417302240879408     
   23.286405614711313     
   22.493703109259044     
   21.541490721624225     
   20.463507519474327     
   19.622589625297664     
   18.682415908018630     
   17.931362806360458     
   17.045611781280300     
   16.379701579195725     
   15.854119749536075     
   14.879519101229853     
   14.430310021012986     
   13.971936199493751     
   13.224770366311002     
   12.917281022655224     
   12.439141843456360     
   11.393088246111866     
   10.738977781616462     
   9.8857954752906103     
   96.699113260732759     
   68.136339392392173     
   54.094203310012411     
   46.766527812995577     
   40.792062254261509     
   37.372426591823121     
   35.033579353728726     
   31.732633423165282     
   30.254755419887029     
   28.160830675516408     
   26.811961824427382     
   25.143085596017634     
   23.917781280738289     
   22.930493432788751     
   21.915014582561913     
   20.811869025144020     
   20.178975616465692     
   19.074702568708055     
   18.140834499425612     
   17.534264702503915     
   16.744085829556244     
   15.744018847426585     
   15.459210788090324     
   14.417495388354258     
   14.164375835141630     
   13.268326390226882     
   12.629698502798158     
   12.266385475609779     
   11.957447270540621     
   11.058247461676945     
   10.553942101072559     
   9.3754961878894427     
   102.09975698006907     
   70.564451746209883     
   55.184625839869440     
   47.041419056264367     
   41.177614104434973     
   38.180332815675293     
   35.488145836874864     
   32.029744174863652     
   30.486666271494766     
   28.293779152163182     
   26.647861079003711     
   25.852459231613643     
   24.125375582668845     
   23.199607619114985     
   22.074755289516993     
   20.903982557524802     
   20.653873368545607     
   19.191814299573657     
   17.732433090472661     
   17.467970028228340     
   17.033244020883071     
   15.667109127161824     
   15.511449282021713     
   14.407144559424719     
   13.901504882517390     
   13.249764449202724     
   12.627007145124310     
   12.050504698763902     
   11.814014749980146     
   10.898183709764556     
   10.445839974422723     
   9.2630871749318544     
   106.90367691380997     
   73.123307298372765     
   56.530513191679006     
   47.302994424415481     
   41.653774061376488     
   38.847351658669744     
   36.203293895698337     
   32.262420378849527     
   30.736374057827035     
   28.215504827930864     
   26.542364830770119     
   26.255877599917000     
   24.545153215176892     
   24.065153883196000     
   22.059489086354741     
   20.542634011534627     
   21.034392496852888     
   19.606422223867849     
   17.563259314899607     
   17.575458944552214     
   17.395744225492852     
   15.814718453338415     
   15.650189252316892     
   14.599641351337272     
   13.855287881108381     
   13.660562199687305     
   12.817261919660517     
   12.199743299452052     
   11.789309892905335     
   10.846287000550873     
   10.483322769961649     
   9.3942106084679793     
   110.50275422903378     
   74.178795774802666     
   56.630393223789056     
   48.273194556050868     
   41.376095140429342     
   38.893631136475392     
   36.397426648359612     
   31.719745540000829     
   31.395779900885294     
   27.852244460873273     
   26.367159187025155     
   26.974563086325347     
   25.333749230568291     
   24.107876147411353     
   22.180886492195519     
   19.829799441593117     
   21.346185600625162     
   19.349371380538066     
   17.770428495035645     
   17.135108793651842     
   17.170305328471649     
   16.200023847510113     
   15.593504782636749     
   14.543199362193210     
   14.045405651219275     
   13.322114013995742     
   12.827036672456130     
   12.806273399352726     
   11.919621201370253     
   11.158683271155896     
   10.476056999880964     
   9.4518446183421130     
