           1
        1024
           1
   169.50789836005765     
   163.13879375891366     
   157.58903440413113     
   152.45461903714772     
   147.63958074962591     
   143.23779262447565     
   139.11170380893395     
   134.86172487805447     
   130.94453794819614     
   127.26156200155498     
   123.75443284366003     
   120.39552360388339     
   117.19455557695029     
   114.00880395742929     
   110.97643770596724     
   108.08207393542756     
   105.20812879173982     
   102.52739956828974     
   99.967716289706587     
   97.289107523830012     
   94.834450228072996     
   92.351958152206763     
   89.989596799133281     
   87.737065462789189     
   85.548025393063213     
   83.379113384243510     
   81.258782249072951     
   79.271884782984486     
   77.395949397715853     
   75.506133362233385     
   73.657943897007186     
   71.828812605947391     
   170.78482427967344     
   163.75284643794663     
   157.43627825897727     
   151.66587321829638     
   146.57383917792919     
   141.51345331153027     
   136.81216641987118     
   132.42587927702056     
   128.02881047067618     
   123.97499882189199     
   120.12121132403620     
   116.30790901474110     
   112.77539439199271     
   109.26656920518984     
   106.00041953687736     
   102.79954211758479     
   99.763659010968610     
   96.866226440128230     
   93.983206372533630     
   91.348444058380181     
   88.655137517586567     
   86.268319170704103     
   83.910189049724593     
   81.494120680547837     
   79.154992159318454     
   76.963549826888922     
   74.883912237351481     
   72.726610150311245     
   70.731037148896476     
   68.844479542344388     
   66.938375948437127     
   65.004604379745473     
   170.84483565996885     
   161.97567764762354     
   153.34657459082285     
   145.82184611543912     
   139.40931326318071     
   133.22405464491857     
   127.81334339773120     
   122.26485285356443     
   117.17836109505748     
   112.56195123748411     
   108.39964224813295     
   104.53391660191633     
   100.77846187315600     
   97.257152036625101     
   94.027456065242447     
   90.824872245543489     
   87.782096645918145     
   85.044638802307432     
   82.272297012502932     
   79.959567928178672     
   77.377441557315564     
   75.212707912879296     
   73.078061469233660     
   70.844521388552295     
   68.963856262797634     
   67.076121250838028     
   65.188483778498338     
   63.499981080158349     
   61.493482549423163     
   59.793388593746734     
   58.256429941108316     
   56.692650982123439     
   169.49741157047777     
   154.65444456231214     
   141.92310131552330     
   131.95434800127290     
   123.92360543146793     
   116.91126843847738     
   110.87185644891308     
   105.65371451893940     
   101.31459510083221     
   97.210738509370941     
   93.268288281242349     
   90.084285641247234     
   86.965480583807064     
   84.347387433259385     
   81.807773583313448     
   78.990200807876150     
   76.757918377241850     
   74.377024232982990     
   72.094673735897871     
   70.172595416960618     
   67.976558687918200     
   66.141897987774641     
   64.597058430471932     
   62.415417615285790     
   60.692673604003204     
   59.066085834379194     
   57.393572160095715     
   55.905802779127107     
   54.509267045042122     
   52.802416352163725     
   51.289185930711554     
   49.732547116992784     
   164.57874650466462     
   139.83656353069776     
   125.17782898871140     
   115.25592156180483     
   108.16330207814350     
   102.34565806741432     
   97.450850748478331     
   93.609091294216512     
   90.010682888716758     
   86.614899957511270     
   83.153099510148081     
   80.513126094458812     
   77.659419302806427     
   75.189251869670045     
   72.935319264755378     
   70.806035783485925     
   68.416544267267156     
   66.431601680639531     
   64.386086417563803     
   62.216931871743597     
   60.736122078402722     
   58.809839050351549     
   57.448573356762068     
   55.627807511468191     
   53.937299785119272     
   52.527758933930627     
   51.010284434872602     
   49.577616727848451     
   48.253427895305805     
   46.830618375892186     
   45.453113440832382     
   43.829544247593617     
   155.41033096742203     
   124.73312555275774     
   112.10100492612430     
   103.43917656663753     
   96.639086323445468     
   91.632897604368253     
   86.870553503950418     
   83.353450814197373     
   80.119113708910589     
   77.481416629795405     
   74.158191146018041     
   71.690464040857137     
   69.524663015022583     
   66.589192940943434     
   64.938826158509173     
   63.297814846318204     
   60.678957559435865     
   59.613210521087801     
   57.672182207356826     
   55.727507136367031     
   54.223017225124416     
   52.378222713045439     
   51.695559545898227     
   50.023560372997991     
   48.408157615894538     
   47.020932765988654     
   45.863454180173498     
   44.157124241658742     
   43.380543607395168     
   41.954252035497767     
   40.928519049291410     
   39.766745960470075     
   144.32548832569307     
   113.25976554033844     
   102.10043141656864     
   93.921562219968820     
   87.642256264865523     
   82.273602023816792     
   78.386697312538814     
   74.662318186105594     
   72.000018592469132     
   69.778034462107883     
   67.117940947375502     
   65.015033652049297     
   63.317080028705647     
   61.220220944784664     
   58.953456413092155     
   57.239691364596382     
   55.679686495386562     
   53.968118779098603     
   52.277060138463462     
   51.252779177810567     
   50.068340854442262     
   48.435968706330542     
   47.370916875494430     
   45.747531133664012     
   44.375241144030845     
   43.369192498695725     
   42.097693554680191     
   40.546117287315276     
   39.679072160311449     
   39.119751602003390     
   37.652622883503938     
   36.469795268555757     
   134.78504221577523     
   105.08036987114407     
   94.099116333137943     
   86.707712172563760     
   81.125145719890909     
   76.112226246470456     
   72.146810705575419     
   69.265135989035883     
   66.529383987895812     
   64.552896968542811     
   62.501266931839211     
   60.390839878804606     
   58.587943814472659     
   56.527543915983998     
   55.096242940735181     
   53.499776304798111     
   51.636217022451476     
   50.264111158411751     
   48.916129879234717     
   47.416307431864155     
   46.515194503551740     
   45.255248513962933     
   44.020529739552742     
   42.534869831653779     
   41.656690963749980     
   40.421960326944458     
   39.241747925235252     
   37.972160525752649     
   37.278603265128993     
   36.162633794548810     
   35.044721880856201     
   33.722810712311741     
   127.54470656151868     
   98.990190309717377     
   88.563856387266512     
   81.647769465066517     
   76.373293110554954     
   72.047326522115725     
   68.225928194522595     
   65.073729042654435     
   62.509812962753351     
   60.466253089255233     
   58.385966508969446     
   56.257719532323847     
   54.595435542100347     
   53.033537433988513     
   51.397023951431052     
   50.134649928461364     
   48.620580182799159     
   47.320232399656447     
   46.050648427132145     
   44.445826268681621     
   43.871022243136174     
   42.336639413452971     
   41.177277059840691     
   39.820773436775994     
   38.915051978050549     
   37.888635662973570     
   36.934438674571226     
   35.977587505720180     
   34.717352418116988     
   34.252052159407697     
   33.241367138975249     
   32.119032858194224     
   122.12938811981158     
   95.278795108629552     
   84.715731826867113     
   77.770544240606498     
   72.713841825257887     
   68.859727161534508     
   65.124231601509493     
   61.968448261175936     
   59.551725906082368     
   57.235817343725763     
   55.213533070630660     
   53.090625285468761     
   51.767407331278946     
   50.066841287292100     
   48.831867489940819     
   47.216632246068116     
   46.009117557857103     
   44.592693684747459     
   43.494633680178765     
   42.176229087701010     
   41.105815951151570     
   40.302873537915900     
   39.200263706958850     
   37.904185894576024     
   36.943902638544273     
   35.700776351867432     
   35.009103944070127     
   34.176069125487807     
   33.122721616722977     
   32.099045056066046     
   31.152999608360989     
   30.227000957067801     
   118.46773787460603     
   92.626749474559105     
   81.934482859522731     
   74.964633493499321     
   69.955675751578198     
   66.115267908134115     
   62.791858314949934     
   59.898904278915410     
   57.465963587184618     
   55.148986279937333     
   52.938713706147510     
   51.227051063921749     
   49.804389304914523     
   48.252374002908056     
   46.745719368316230     
   45.505009222702583     
   44.121769165174840     
   42.989331055372496     
   41.674842932512405     
   40.584007998921827     
   39.306352042736862     
   38.471052587489012     
   37.304881224565143     
   36.213415765536489     
   35.593989106961885     
   34.664917482873250     
   33.624253040357196     
   32.769662110330295     
   31.813181508109317     
   30.816586869403775     
   29.950439377553753     
   28.913383450036033     
   116.17208609229746     
   91.074722834850050     
   80.237984596459668     
   73.341397055492237     
   68.185438105777223     
   64.380419510803421     
   61.393717220209609     
   58.750819298513072     
   56.256796634520242     
   54.282632825142286     
   51.837968813216747     
   50.104554603483010     
   48.744649748102717     
   47.120902988515589     
   45.704141585114776     
   44.395217637081714     
   43.045210238267316     
   41.781912708940325     
   40.723169187124334     
   39.636836163014067     
   38.527192355278700     
   37.693501247750049     
   36.452470497622819     
   35.450752103668023     
   34.517221631140558     
   33.466283708594226     
   32.704730219020064     
   31.860266477178570     
   30.988306567097620     
   30.177709798333304     
   29.349824390060860     
   28.297612843400501     
   114.84828481028107     
   90.568905251589143     
   79.406224431918304     
   72.592418786235243     
   67.621655433074096     
   63.730027226980503     
   60.930289260123075     
   58.588442556790028     
   56.105346960599036     
   54.072120284005649     
   51.724848667395904     
   50.149462158502196     
   48.539277705885269     
   47.090219592709069     
   45.504910804219591     
   44.122186862550819     
   42.942650904409575     
   41.672774332070645     
   40.305361971166349     
   39.365551409530120     
   38.171685906762058     
   36.951143421254102     
   36.161590741043945     
   35.169274021829864     
   34.225098770346939     
   33.264022689429410     
   32.375411796835486     
   31.468006450642360     
   30.604774573506475     
   29.823696122515308     
   28.837495125765052     
   28.225968930361724     
   114.42393192884724     
   90.399191753464663     
   79.603871544628902     
   72.923437924663233     
   68.202356588844992     
   64.152443989630441     
   61.248266113613980     
   58.746403420219501     
   56.644393988887799     
   54.519457940049847     
   52.492630320492353     
   50.706541014190591     
   49.203511165453932     
   47.514567773399541     
   45.914192191906324     
   44.473716535754150     
   43.425214333780993     
   41.996517521807029     
   40.940871396179460     
   39.694886119056534     
   38.095703815358014     
   37.190475737972861     
   36.079290307170758     
   35.267545065089870     
   34.415795295541471     
   33.310267846944512     
   32.622325106384253     
   31.875602084031947     
   30.943738301212306     
   29.861468951480191     
   29.049231432749394     
   28.038719049205703     
   114.88660181588598     
   90.944736232533714     
   80.768824061195687     
   74.210202725892998     
   69.505101016377637     
   65.768987368089356     
   62.511212393938585     
   60.254047321554779     
   57.913071331259815     
   55.598462906049249     
   53.780259080450818     
   52.054633012599780     
   50.031711921427856     
   48.646424003550806     
   47.021077482572423     
   45.427778142176933     
   43.986068230853533     
   42.782911436129808     
   41.751954901975353     
   40.399889849017029     
   39.112758502730777     
   38.203952137161934     
   36.863722239812247     
   36.009761374434682     
   34.923058817527505     
   34.102449379759150     
   33.083159103667526     
   32.411843067737870     
   31.425046360244629     
   30.412949612360666     
   29.525009053796886     
   28.644515733829117     
   116.21669914198276     
   92.651836261817834     
   82.684788162684555     
   76.201270968230631     
   71.887505472101424     
   67.796703903286229     
   64.694738123672551     
   62.232176584868839     
   59.742110891560294     
   57.538039950382824     
   55.607759598640314     
   53.626124671923698     
   51.658822254481905     
   50.170776259777952     
   48.391625704732661     
   47.057312686329176     
   45.417500381216882     
   44.198360228923598     
   42.887533123404978     
   41.673916300335193     
   40.552892172296673     
   39.377127420440473     
   38.076881246696544     
   37.291272299702904     
   36.078145554913249     
   35.031847487236902     
   34.099305349169860     
   33.257525281888476     
   32.375237459484211     
   31.333886815438628     
   30.405213939983074     
   29.439772133044837     
   118.19653164107550     
   94.752916782813486     
   85.204118990399394     
   78.706548024191477     
   74.416136910730529     
   70.465691884274577     
   67.487347688654907     
   64.793602796002290     
   62.123283923922997     
   59.974715496401487     
   57.998512349506584     
   55.882358267637471     
   54.054693678810310     
   52.433037560309600     
   50.623471902923924     
   49.001956352241123     
   47.384634310782985     
   46.134600094328370     
   44.731493787018401     
   43.355165326319344     
   42.239107832528177     
   41.004019176109622     
   39.752211568272656     
   38.939832603217070     
   37.946304117197442     
   36.801744304703163     
   35.577135172668235     
   34.743665275080673     
   33.701928717575768     
   32.691635218400336     
   31.533363235791725     
   30.858926425596731     
   121.53088434159780     
   97.341464285037475     
   87.882534256596159     
   82.042392400356590     
   77.343668233058494     
   73.458241714575877     
   70.612929917880265     
   67.781991429235418     
   65.165738920486973     
   62.785146923291911     
   60.704916979610260     
   58.843655717247159     
   56.927747775695224     
   54.970017925954707     
   53.117633340700536     
   51.567402682289540     
   50.048752607873197     
   48.472201454029985     
   47.152799109288623     
   45.714266802941623     
   44.611431334208220     
   43.449225436954620     
   42.215973642225919     
   41.011114374286322     
   39.934192354710305     
   38.670934837185719     
   37.550208764156999     
   36.523815896495606     
   35.714690898649586     
   34.369133530558273     
   33.441835194033658     
   32.228667991485743     
   125.90735483264676     
   100.63820085215630     
   91.399930145849680     
   85.290002260470089     
   80.433382411422173     
   77.059431117503863     
   74.007034315142420     
   71.248353943855747     
   68.339381876596022     
   66.386227437343308     
   63.854356773392176     
   61.976330951178177     
   60.198306658239758     
   58.061388574568497     
   56.297930162697632     
   54.693697488990267     
   52.836581741482448     
   51.362180887634807     
   50.148428772270307     
   48.996689460105500     
   47.517460425807698     
   46.150420104546825     
   44.845515463377232     
   43.527139398301479     
   42.599482724714996     
   41.608502634862745     
   40.105221710488635     
   39.027318583367588     
   37.826490669657439     
   36.693715695251115     
   35.504102491322556     
   34.371158441736817     
   132.21575141496166     
   105.29785062059503     
   95.739022812222373     
   89.570924745663234     
   84.543894562920940     
   80.995660854169813     
   77.831059728286363     
   74.948053767781531     
   72.456065049901383     
   69.944429344470691     
   67.559293330308236     
   66.081922425875973     
   63.700897900964655     
   61.924101521305118     
   59.886051646123335     
   58.063633297476152     
   56.417449797223021     
   55.028515673731945     
   53.593650110535883     
   52.109420900032489     
   50.588518637150059     
   49.417928406032559     
   47.866598942279438     
   46.598981760534492     
   45.414172781872196     
   44.142526668656643     
   42.913678226930614     
   41.954673634432766     
   40.685175958243839     
   39.460486278319571     
   38.277343715674860     
   36.964768569081684     
   141.12791601881491     
   112.32341851379884     
   101.99438914706245     
   95.320342055933125     
   90.058570119172970     
   86.287219702383311     
   82.679642517399756     
   79.887293732360021     
   77.173824512330484     
   74.287574383657727     
   72.267943331833465     
   70.025168053610713     
   67.619170507527286     
   65.891743970693412     
   63.981128359270954     
   62.228407675281233     
   60.654896427970549     
   59.052136590296669     
   57.464047270658980     
   55.508212515789751     
   54.130363227211149     
   52.609136451547052     
   50.951860975135425     
   50.005103700424769     
   48.961136731205031     
   47.475164685175237     
   46.148560869257459     
   44.795581719088815     
   43.609016642969763     
   42.747589917171766     
   40.909520906075286     
   39.554943145384243     
   152.02714537101099     
   122.75973609677153     
   111.29080495724234     
   103.90322460400765     
   98.149084943800773     
   93.538642112958641     
   89.373692239131856     
   86.125758462925390     
   83.103051397883291     
   80.375279921708184     
   77.795952127628368     
   75.178404477909680     
   72.959291782982319     
   71.262203151151027     
   68.885983386466819     
   66.745676017430753     
   64.787639800624305     
   63.038800308142974     
   61.262296529942347     
   59.347308252521429     
   57.959498329315835     
   56.724997639421062     
   55.023779450037736     
   53.783597831313891     
   52.484612043679817     
   50.775305136241897     
   49.793407131291453     
   47.948191139610742     
   46.565490127748816     
   45.544044139155595     
   43.939670394675041     
   42.564209224907103     
   162.62342183581117     
   135.54738868967939     
   122.96751613719999     
   114.71201573821625     
   108.41330011876406     
   103.07765759086138     
   98.383248649883441     
   94.351719723080095     
   91.236021220640851     
   88.231787310588643     
   85.387297085011824     
   82.585368199786032     
   79.789794590868865     
   77.288944453451876     
   74.605002692171070     
   72.703699151351188     
   70.531985970772567     
   68.335678455724974     
   66.474110158678585     
   64.279656302479708     
   62.742065433037858     
   61.079770436415899     
   59.413599725019111     
   58.112274036769946     
   56.370163859830733     
   54.647526677594222     
   53.046512526218933     
   51.392439581116292     
   49.980295602058867     
   48.625839780622442     
   47.476483149756163     
   45.769824743218301     
   169.71284637656939     
   151.14502903174915     
   137.69130617821568     
   127.75202714478628     
   120.02990811561496     
   113.95607239496285     
   108.42442265921257     
   103.90009996651247     
   100.34583075690441     
   96.924834821370780     
   93.707909943533622     
   90.592184980003410     
   87.242561889555702     
   84.661742623541869     
   82.100976648646409     
   79.529290737341071     
   77.385250418779904     
   75.075649982095172     
   72.918586387892432     
   70.553769499023403     
   68.826198161542820     
   66.933566337687893     
   65.327615199537462     
   63.684750856996359     
   61.465836307442885     
   60.022404299100195     
   58.129816529243733     
   56.799240706370725     
   55.037605505486610     
   53.572507761433798     
   52.183752629607199     
   50.360041044584420     
   171.69109328205016     
   160.80534458224227     
   151.41149383668298     
   142.93916812473125     
   135.69868711643778     
   128.98121602085797     
   123.14082030082825     
   117.70811490580894     
   112.89115619544327     
   108.73127424821045     
   104.76597830794688     
   100.90730406828547     
   97.251365032541443     
   94.123381523972697     
   90.935251853294531     
   88.179529155595560     
   85.526653740412726     
   82.931647627227477     
   80.536274645386399     
   78.368335609094160     
   76.041965322590855     
   73.951363623492853     
   71.988440923282838     
   70.115989240384948     
   68.005441705382083     
   66.289761023397730     
   64.341704532417722     
   62.548443735101515     
   60.688172219672659     
   59.151796474330290     
   57.527023169639321     
   55.682275564895320     
   172.02314106247132     
   164.98527772627989     
   158.11950469890326     
   151.64933793205870     
   145.70230811012607     
   140.30970517966213     
   135.36773569942025     
   130.82249799510745     
   126.29351871556591     
   121.94716950853906     
   117.71626434097971     
   113.87697006185587     
   110.12034386699924     
   106.57142827265551     
   103.13390125377613     
   99.968444338468274     
   96.972206068406237     
   93.913839990579518     
   91.186431351817660     
   88.435329682887840     
   85.795891204002956     
   83.303324491734529     
   80.895490017345253     
   78.643778133013271     
   76.440772002724259     
   74.226100725792762     
   72.151640692294123     
   70.203755329119844     
   68.219187652319974     
   66.342300508833006     
   64.424479391701453     
   62.618702434486750     
   172.34847641246483     
   166.56946437554555     
   160.74339043797539     
   155.12699390255696     
   149.99578252942203     
   145.30406206759190     
   140.82594860089739     
   136.56920372315116     
   132.68868411760496     
   128.81579087480333     
   124.98949336584440     
   121.44801999602380     
   118.05551101158034     
   114.70771552086667     
   111.53650239766600     
   108.34990670719927     
   105.42842926487272     
   102.59486876832442     
   99.824030033767798     
   97.141210485383070     
   94.596788608178144     
   92.057644790960694     
   89.621400656049119     
   87.294512800154422     
   85.043433666430502     
   82.783949282715810     
   80.594260074548913     
   78.530249335944220     
   76.537321374307339     
   74.569420656277842     
   72.643161024679870     
   70.680389720238651     
   171.76272955727910     
   166.17241599298936     
   160.94532823635393     
   155.69006104940877     
   150.88313490382563     
   146.38623980617675     
   142.07148397333509     
   137.94428114466231     
   134.15165555988688     
   130.37936488366552     
   126.78752541777153     
   123.41729580496997     
   120.10693397263812     
   116.91850573221600     
   113.84943159961384     
   110.92228402463839     
   108.02623354320951     
   105.28707443173283     
   102.67047094073939     
   100.18824829265395     
   97.639849715274522     
   95.202931476534104     
   92.895009145360788     
   90.584973138213172     
   88.392812500822259     
   86.270704730982658     
   84.173809488985313     
   82.185053367720897     
   80.223479563499609     
   78.292714220772567     
   76.400382113645989     
   74.551640326406670     
   171.57107788147320     
   165.78176323699876     
   160.66749599117270     
   155.87027934058759     
   151.05288176414419     
   146.52527855473443     
   142.45772122360540     
   138.36002566823029     
   134.45229423260551     
   130.59247498658533     
   127.07848510764427     
   123.68322680774764     
   120.48101715006715     
   117.35484167281504     
   114.38773524335795     
   111.46424001591498     
   108.61145058789062     
   105.93772575444429     
   103.38971915271779     
   100.86199595231778     
   98.431266925013716     
   96.037742384096362     
   93.727620691507639     
   91.515750930422200     
   89.417527907062450     
   87.287959796379440     
   85.223019743411456     
   83.267405216528800     
   81.339662613824004     
   79.454965098198500     
   77.659052056485038     
   75.823589582639045     
   171.06882690336394     
   165.47272327758097     
   160.48134087449441     
   155.70327947112881     
   150.88440817085808     
   146.60054223372768     
   142.44565741162904     
   138.30296642344430     
   134.52354772948669     
   130.69514665192278     
   127.13238885246400     
   123.72414313962781     
   120.46084565129627     
   117.22749466149136     
   114.26728540633631     
   111.36699562110826     
   108.73630025637597     
   106.02823711061458     
   103.40634762406805     
   100.89906548534881     
   98.477556463747661     
   96.139723598168231     
   93.866292052241917     
   91.656368083783292     
   89.524163308133254     
   87.406589291988453     
   85.408510757823834     
   83.441589286433782     
   81.571648835050425     
   79.707720873013770     
   77.860513595436572     
   76.100361601034507     
   171.29971947555742     
   165.73271571214894     
   160.98246624695301     
   155.90863904335399     
   151.39454833803003     
   147.04998253829928     
   142.70943434403657     
   138.66164921900534     
   134.78577206893152     
   130.94843513867428     
   127.43419349470065     
   123.98457736109528     
   120.75688640832088     
   117.61820302900109     
   114.69905365839429     
   111.79604124644268     
   108.90337130308968     
   106.22009789174035     
   103.64811113970462     
   101.17503129204999     
   98.729656746568779     
   96.351182760129802     
   94.052020733596763     
   91.831872291754394     
   89.747435983158312     
   87.670207937432281     
   85.685888472195899     
   83.690913745321708     
   81.828274207765361     
   79.958932136198271     
   78.143943406365878     
   76.377862501413830     
   170.91559297766577     
   165.61384929843697     
   160.64978218795227     
   155.84364223933744     
   151.07677204364609     
   146.68599994477015     
   142.52102224294546     
   138.38457234782013     
   134.46802092286936     
   130.71215073587032     
   127.30888370672824     
   123.83485546926876     
   120.61451610558802     
   117.49000279255472     
   114.44381395740687     
   111.54952315502034     
   108.76294002329168     
   106.07836047655138     
   103.45354428174613     
   100.98498008304233     
   98.617322175320155     
   96.257852276923416     
   93.949667589998000     
   91.766146753316093     
   89.667756840777457     
   87.553502271843286     
   85.575210286267506     
   83.626290815199795     
   81.760258486181584     
   79.855114735599784     
   78.032494378130949     
   76.270852514228835     
