           1
         100
           1
   218.53928027637517     
   196.16273250240059     
   185.42908730018635     
   178.26154542519200     
   172.44299803188420     
   167.43340908710650     
   163.04135282719511     
   158.92798648286217     
   155.19153806230469     
   151.53958008618505     
   148.18993504542038     
   145.13411537686807     
   142.21940849334121     
   139.40020794005699     
   136.65807324845804     
   134.15014759433959     
   131.72340913192127     
   129.20512168303722     
   126.84110832681966     
   124.68718831142679     
   122.59132479390622     
   120.51495733898449     
   118.55102137322720     
   116.53230673908493     
   114.67460343135615     
   112.97151357467872     
   111.24661823851862     
   109.52185360173107     
   107.84775577083116     
   106.20666269863113     
   104.66592138141749     
   103.14103122381402     
   101.72064930665258     
   100.30251099551015     
   98.866691430229125     
   97.570276137087262     
   96.217804139780824     
   94.943691574824669     
   93.674837315451555     
   92.541147258261034     
   91.296741694698937     
   90.154037214899489     
   88.959989935047702     
   87.773953793460265     
   86.676229923082659     
   85.600810494438164     
   84.558708129293819     
   83.524027022111170     
   82.552731866519892     
   81.468943571410264     
   80.483266431392366     
   79.504126236365892     
   78.597090909703866     
   77.704878774291160     
   76.811129774573374     
   75.901837012280041     
   75.022533657595389     
   74.108066040516007     
   73.242143218265625     
   72.464371904976417     
   71.623069636364789     
   70.862353838735828     
   70.059091458060792     
   69.282013262083765     
   68.508638639404637     
   67.784158409798209     
   67.064764704470960     
   66.344132390691868     
   65.622135956166304     
   64.902673404314086     
   64.195967733226098     
   63.500199254696597     
   62.820112266828090     
   62.156557496068878     
   61.506767197821056     
   60.854110628270547     
   60.220940063965685     
   59.583317196365385     
   58.955044932192379     
   58.327446193116572     
   57.716120551585163     
   57.110346492871919     
   56.508687299986761     
   55.927761229453964     
   55.342806232339520     
   54.774298187628730     
   54.202735807704009     
   53.635034882202440     
   53.072780222740533     
   52.534428350852842     
   51.986945713587190     
   51.448379721537478     
   50.927498369437650     
   50.392217293068370     
   49.882655946378321     
   49.368570701316592     
   48.858123730367538     
   48.360163905766441     
   47.860428262179504     
   47.359983909122008     
